261
375
405
473
608
801
832
900
951
1069
1142
1214
1224
1237
1249
1258
1262
1269
1272
1274
1276
1277
1287
1289
1296
1306
1309
1325
1326
1327
1332
1345
1350
1351
1352
1357
1360
1372
1373
1383
1386
1388
1389
1393
1397
1402
1407
1410
1420
1437
1440
1442
1447
1450
1451
1454
1455
1458
1461
1462
1464
1466
1467
1468
1471
1473
1480
1482
1486
1488
1493
1496
1500
1509
1510
1514
1519
1529
1533
1551
1552
1555
1557
1564
1570
1571
1575
1578
1588
1593
1597
1602
1606
1609
1618
1622
1623
1625
1626
1627
1628
1629
1632
1634
1636
1639
1667
1668
1670
1672
1673
1674
1679
1684
1696
1698
1699
1704
1705
1715
1716
1717
1718
1720
1733
1736
1742
1753
1761
1762
1764
1767
1768
1773
1781
1801
1803
1805
1806
1809
1811
1813
1814
1819
1821
1823
1824
1830
1834
1836
1838
1839
1841
1842
1848
1850
1851
1852
1853
1854
1859
1868
1870
1873
1875
1881
1883
1893
1898
1901
1902
1903
1905
1910
1913
1922
1925
1926
1927
1941
1945
1948
1949
1955
1956
1957
1960
1964
1966
1968
1973
1975
1976
1982
1985
1989
1997
2004
2005
2009
